"nAgents" <-
2
"nTrials" <-
15
"dx1" <-
structure(c(50,50,50,50,50,50,50,50,50,50,50,50,50,50,50,50,50,50,50,50,50,50,50,50,50,50,50,50,50,50), .Dim=c(2,15))
"dx2" <-
structure(c(0,0,0,0,0,0,0,0,0,0,0,0,0,0,0,0,0,0,0,0,0,0,0,0,0,0,0,0,0,0), .Dim=c(2,15))
"dx3" <-
structure(c(5,5,5,5,5,5,5,5,5,5,5,5,5,5,5,5,5,5,5,5,5,5,5,5,5,5,5,5,5,5), .Dim=c(2,15))
"dx4" <-
structure(c(0,0,0,0,0,0,0,0,0,0,0,0,0,0,0,0,0,0,0,0,0,0,0,0,0,0,0,0,0,0), .Dim=c(2,15))
"pa1" <-
structure(c(1,1,0.5,0.5,0.333333,0.333333,0.25,0.25,0.2,0.2,1,1,0.5,0.5,0.333333,0.333333,0.25,0.25,0.2,0.2,1,1,0.5,0.5,0.333333,0.333333,0.25,0.25,0.2,0.2), .Dim=c(2,15))
"pa2" <-
structure(c(0,0,0.5,0.5,0.666667,0.666667,0.75,0.75,0.8,0.8,0,0,0.5,0.5,0.666667,0.666667,0.75,0.75,0.8,0.8,0,0,0.5,0.5,0.666667,0.666667,0.75,0.75,0.8,0.8), .Dim=c(2,15))
"pb1" <-
structure(c(1,1,1,1,1,1,1,1,1,1,1,1,1,1,1,1,1,1,1,1,1,1,1,1,1,1,1,1,1,1), .Dim=c(2,15))
"pb2" <-
structure(c(0,0,0,0,0,0,0,0,0,0,0,0,0,0,0,0,0,0,0,0,0,0,0,0,0,0,0,0,0,0), .Dim=c(2,15))
