"nGambles" <-
28
"nAgents" <-
2
"nChunks" <-
2
"chunkLength" <-
1
"nTrials" <-
2
"dx1" <-
structure(c(50,50,50,100,100,100,100,100,200,200,200,200,200,400,400,100,100,100,150,150,150,150,150,200,200,200,200,200,50,50,50,100,100,100,100,100,200,200,200,200,200,400,400,100,100,100,150,150,150,150,150,200,200,200,200,200,50,50,50,100,100,100,100,100,200,200,200,200,200,400,400,100,100,100,150,150,150,150,150,200,200,200,200,200,50,50,50,100,100,100,100,100,200,200,200,200,200,400,400,100,100,100,150,150,150,150,150,200,200,200,200,200), .Dim=c(28,2,2))
"dx2" <-
structure(c(0,0,0,0,0,0,0,0,0,0,0,0,0,0,0,50,50,50,50,50,50,50,50,100,100,100,100,100,0,0,0,0,0,0,0,0,0,0,0,0,0,0,0,50,50,50,50,50,50,50,50,100,100,100,100,100,0,0,0,0,0,0,0,0,0,0,0,0,0,0,0,50,50,50,50,50,50,50,50,100,100,100,100,100,0,0,0,0,0,0,0,0,0,0,0,0,0,0,0,50,50,50,50,50,50,50,50,100,100,100,100,100), .Dim=c(28,2,2))
"dx3" <-
structure(c(5,25,45,5,25,50,75,95,2,20,100,180,198,4,396,55,75,95,55,75,100,125,145,105,125,150,175,195,5,25,45,5,25,50,75,95,2,20,100,180,198,4,396,55,75,95,55,75,100,125,145,105,125,150,175,195,5,25,45,5,25,50,75,95,2,20,100,180,198,4,396,55,75,95,55,75,100,125,145,105,125,150,175,195,5,25,45,5,25,50,75,95,2,20,100,180,198,4,396,55,75,95,55,75,100,125,145,105,125,150,175,195), .Dim=c(28,2,2))
"dx4" <-
structure(c(0,0,0,0,0,0,0,0,0,0,0,0,0,0,0,0,0,0,0,0,0,0,0,0,0,0,0,0,0,0,0,0,0,0,0,0,0,0,0,0,0,0,0,0,0,0,0,0,0,0,0,0,0,0,0,0,0,0,0,0,0,0,0,0,0,0,0,0,0,0,0,0,0,0,0,0,0,0,0,0,0,0,0,0,0,0,0,0,0,0,0,0,0,0,0,0,0,0,0,0,0,0,0,0,0,0,0,0,0,0,0,0), .Dim=c(28,2,2))
"pa1" <-
structure(c(0,1,1,0,0,1,1,1,0,0,0,1,1,0,1,0,0,1,0,0,0,1,1,0,0,1,1,0,0,0,1,0,0,1,1,1,0,0,1,0,1,0,1,0,0,1,0,0,1,1,1,0,0,0,1,1,0,0.5,0.5,0,0.5,1,1,1,0,0,0.5,1,1,0,1,0,0,1,0,0.5,0.5,1,0.5,0,0,1,0.5,0,0,0.5,1,0,0.5,0.5,1,1,0,0,1,0.5,1,0,1,0,0.5,1,0.5,0.5,1,1,1,0,0.5,0.5,1,1), .Dim=c(28,2,2))
"pb1" <-
structure(c(1,1,1,1,1,1,1,1,1,1,1,1,1,1,1,1,1,1,1,1,1,1,1,1,1,1,1,1,1,1,1,1,1,1,1,1,1,1,1,1,1,1,1,1,1,1,1,1,1,1,1,1,1,1,1,1,1,1,1,1,1,1,1,1,1,1,1,1,1,1,1,1,1,1,1,1,1,1,1,1,1,1,1,1,1,1,1,1,1,1,1,1,1,1,1,1,1,1,1,1,1,1,1,1,1,1,1,1,1,1,1,1), .Dim=c(28,2,2))
"muLogBetaL" <-
-2.3
"muLogBetaU" <-
3.4
"sigmaLogBetaL" <-
0.01
"sigmaLogBetaU" <-
1.64545
"muLogAlphaL" <-
-2.3
"muLogAlphaU" <-
0
"sigmaLogAlphaL" <-
0.01
"sigmaLogAlphaU" <-
0.663953
"muLogDeltaL" <-
-2.3
"muLogDeltaU" <-
0
"sigmaLogDeltaL" <-
0.01
"sigmaLogDeltaU" <-
0.663953
"muLogGammaL" <-
-2.3
"muLogGammaU" <-
0
"sigmaLogGammaL" <-
0.01
"sigmaLogGammaU" <-
0.663953
"pz" <-
c(1, 0, 1, 0, 1, 0, 1, 0)
