"nGambles" <-
1
"nAgents" <-
2
"nChunks" <-
1
"nTrials" <-
2
"y" <-
structure(c(0,0,0,0), .Dim=c(2,1,2))
"dx1" <-
structure(c(50,50,50,50), .Dim=c(2,1,2))
"dx2" <-
structure(c(0,0,0,0), .Dim=c(2,1,2))
"dx3" <-
structure(c(5,5,5,5), .Dim=c(2,1,2))
"dx4" <-
structure(c(0,0,0,0), .Dim=c(2,1,2))
"pa1" <-
structure(c(0,0,0,0), .Dim=c(2,1,2))
"pb1" <-
structure(c(1,1,1,1), .Dim=c(2,1,2))
"muLogBetaL" <-
-2.3
"muLogBetaU" <-
3.4
"sigmaLogBetaL" <-
0.01
"sigmaLogBetaU" <-
1.64545
"muLogAlphaL" <-
-2.3
"muLogAlphaU" <-
0
"sigmaLogAlphaL" <-
0.01
"sigmaLogAlphaU" <-
0.663953
"muLogDeltaL" <-
-2.3
"muLogDeltaU" <-
0
"sigmaLogDeltaL" <-
0.01
"sigmaLogDeltaU" <-
0.663953
"muLogGammaL" <-
-2.3
"muLogGammaU" <-
0
"sigmaLogGammaL" <-
0.01
"sigmaLogGammaU" <-
0.663953
"pz" <-
c(0.125, 0.125, 0.125, 0.125, 0.125, 0.125, 0.125, 0.125)
